title_precision: 0.6153846153846154
title_recall: 0.16326530612244897
title_desc_precision: 0.6875
title_desc_recall: 0.15714285714285714
title_narr_precision: 0.8461538461538461
title_narr_recall: 0.13253012048192772